0 0.00036
1 0.00036
2 0.00036
3 0.00036
4 0.00036
5 0.00036
6 0.00036
7 0.00036
8 0.00036
9 0.00036
10 0.00036
11 0.00036
12 0.00036
13 0.00036
14 0.00036
15 0.00036
16 0.00036
17 0.00036
18 0.00036
19 0.00036
20 0.00036
21 0.00036
22 0.00036
23 0.00036
24 0.00036
25 0.00036
26 0.00036
27 0.00036
28 0.00036
29 0.00036
30 0.00036
31 0.00036
32 0.00036
33 0.00036
34 0.00036
35 0.00036
36 0.00036
37 0.00036
38 0.00036
39 0.00036
40 0.00036
41 0.00036
42 0.00036
43 0.00036
44 0.00036
45 0.00036
46 0.00036
47 0.00036
48 0.00036
49 0.00036
50 0.00036
51 0.00036
52 0.00036
53 0.00036
54 0.00036
55 0.00036
56 0.00036
57 0.00036
58 0.00036
59 0.00036
60 0.00036
61 0.00036
62 0.00036
63 0.00036
64 0.00036
65 0.00036
66 0.00036
67 0.00036
68 0.00036
69 0.00036
70 0.00036
71 0.00036
72 0.00036
73 0.00036
74 0.00036
75 0.00036
76 0.00036
77 0.00036
78 0.00036
79 0.00036
80 0.00036
81 0.00036
82 0.00036
83 0.00036
84 0.00036
85 0.00036
86 0.00036
87 0.00036
88 0.00036
89 0.00036
90 0.00036
91 0.00036
92 0.00036
93 0.00036
94 0.00036
95 0.00036
96 0.00036
97 0.00036
98 0.00036
99 0.00036
100 0.00036
101 0.00036
102 0.00036
103 0.00036
104 0.00036
105 0.00036
106 0.00036
107 0.00036
108 0.00036
109 0.00036
110 0.00036
111 0.00036
112 0.00036
113 0.00036
114 0.00036
115 0.00036
116 0.00036
117 0.00036
118 0.00036
119 0.00036
120 0.00036
121 0.00036
122 0.00036
123 0.00036
124 0.00036
125 0.00036
126 0.00036
127 0.00036
128 0.00036
129 0.00036
130 0.00036
131 0.00036
132 0.00036
133 0.00036
134 0.00036
135 0.00036
136 0.00036
137 0.00036
138 0.00036
139 0.00036
140 0.00036
141 0.00036
142 0.00036
143 0.00036
144 0.00036
145 0.00036
146 0.00036
147 0.00036
148 0.00036
149 0.00036
150 0.00036
151 0.00036
152 0.00035
153 0.00035
154 0.00035
155 0.00035
156 0.00035
157 0.00035
158 0.00035
159 0.00035
160 0.00035
161 0.00035
162 0.00035
163 0.00035
164 0.00035
165 0.00035
166 0.00035
167 0.00035
168 0.00035
169 0.00035
170 0.00035
171 0.00035
172 0.00035
173 0.00035
174 0.00035
175 0.00035
176 0.00035
177 0.00035
178 0.00035
179 0.00035
180 0.00035
181 0.00035
182 0.00035
183 0.00035
184 0.00035
185 0.00035
186 0.00035
187 0.00035
188 0.00035
189 0.00035
190 0.00035
191 0.00035
192 0.00035
193 0.00035
194 0.00035
195 0.00035
196 0.00035
197 0.00035
198 0.00035
199 0.00035
200 0.00035
